  -7.0000000e+02
  -6.9892473e+02
  -6.9784946e+02
  -6.9677419e+02
  -6.9569892e+02
  -6.9462366e+02
  -6.9354839e+02
  -6.9247312e+02
  -6.9139785e+02
  -6.9032258e+02
  -6.8924731e+02
  -6.8817204e+02
  -6.8709677e+02
  -6.8602151e+02
  -6.8494624e+02
  -6.8387097e+02
  -6.8279570e+02
  -6.8172043e+02
  -6.8064516e+02
  -6.7956989e+02
  -6.7849462e+02
  -6.7741935e+02
  -6.7634409e+02
  -6.7526882e+02
  -6.7419355e+02
  -6.7311828e+02
  -6.7204301e+02
  -6.7096774e+02
  -6.6989247e+02
  -6.6881720e+02
  -6.6774194e+02
  -6.6666667e+02
  -6.6559140e+02
  -6.6451613e+02
  -6.6344086e+02
  -6.6236559e+02
  -6.6129032e+02
  -6.6021505e+02
  -6.5913978e+02
  -6.5806452e+02
  -6.5698925e+02
  -6.5591398e+02
  -6.5483871e+02
  -6.5376344e+02
  -6.5268817e+02
  -6.5161290e+02
  -6.5053763e+02
  -6.4946237e+02
  -6.4838710e+02
  -6.4731183e+02
  -6.4623656e+02
  -6.4516129e+02
  -6.4408602e+02
  -6.4301075e+02
  -6.4193548e+02
  -6.4086022e+02
  -6.3978495e+02
  -6.3870968e+02
  -6.3763441e+02
  -6.3655914e+02
  -6.3548387e+02
  -6.3440860e+02
  -6.3333333e+02
  -6.3225806e+02
  -6.3118280e+02
  -6.3010753e+02
  -6.2903226e+02
  -6.2795699e+02
  -6.2688172e+02
  -6.2580645e+02
  -6.2473118e+02
  -6.2365591e+02
  -6.2258065e+02
  -6.2150538e+02
  -6.2043011e+02
  -6.1935484e+02
  -6.1827957e+02
  -6.1720430e+02
  -6.1612903e+02
  -6.1505376e+02
  -6.1397849e+02
  -6.1290323e+02
  -6.1182796e+02
  -6.1075269e+02
  -6.0967742e+02
  -6.0860215e+02
  -6.0752688e+02
  -6.0645161e+02
  -6.0537634e+02
  -6.0430108e+02
  -6.0322581e+02
  -6.0215054e+02
  -6.0107527e+02
  -6.0000000e+02
  -5.9892473e+02
  -5.9784946e+02
  -5.9677419e+02
  -5.9569892e+02
  -5.9462366e+02
  -5.9354839e+02
  -5.9247312e+02
  -5.9139785e+02
  -5.9032258e+02
  -5.8924731e+02
  -5.8817204e+02
  -5.8709677e+02
  -5.8602151e+02
  -5.8494624e+02
  -5.8387097e+02
  -5.8279570e+02
  -5.8172043e+02
  -5.8064516e+02
  -5.7956989e+02
  -5.7849462e+02
  -5.7741935e+02
  -5.7634409e+02
  -5.7526882e+02
  -5.7419355e+02
  -5.7311828e+02
  -5.7204301e+02
  -5.7096774e+02
  -5.6989247e+02
  -5.6881720e+02
  -5.6774194e+02
  -5.6666667e+02
  -5.6559140e+02
  -5.6451613e+02
  -5.6344086e+02
  -5.6236559e+02
  -5.6129032e+02
  -5.6021505e+02
  -5.5913978e+02
  -5.5806452e+02
  -5.5698925e+02
  -5.5591398e+02
  -5.5483871e+02
  -5.5376344e+02
  -5.5268817e+02
  -5.5161290e+02
  -5.5053763e+02
  -5.4946237e+02
  -5.4838710e+02
  -5.4731183e+02
  -5.4623656e+02
  -5.4516129e+02
  -5.4408602e+02
  -5.4301075e+02
  -5.4193548e+02
  -5.4086022e+02
  -5.3978495e+02
  -5.3870968e+02
  -5.3763441e+02
  -5.3655914e+02
  -5.3548387e+02
  -5.3440860e+02
  -5.3333333e+02
  -5.3225806e+02
  -5.3118280e+02
  -5.3010753e+02
  -5.2903226e+02
  -5.2795699e+02
  -5.2688172e+02
  -5.2580645e+02
  -5.2473118e+02
  -5.2365591e+02
  -5.2258065e+02
  -5.2150538e+02
  -5.2043011e+02
  -5.1935484e+02
  -5.1827957e+02
  -5.1720430e+02
  -5.1612903e+02
  -5.1505376e+02
  -5.1397849e+02
  -5.1290323e+02
  -5.1182796e+02
  -5.1075269e+02
  -5.0967742e+02
  -5.0860215e+02
  -5.0752688e+02
  -5.0645161e+02
  -5.0537634e+02
  -5.0430108e+02
  -5.0322581e+02
  -5.0215054e+02
  -5.0107527e+02
  -5.0000000e+02
  -4.9892473e+02
  -4.9784946e+02
  -4.9677419e+02
  -4.9569892e+02
  -4.9462366e+02
  -4.9354839e+02
  -4.9247312e+02
  -4.9139785e+02
  -4.9032258e+02
  -4.8924731e+02
  -4.8817204e+02
  -4.8709677e+02
  -4.8602151e+02
  -4.8494624e+02
  -4.8387097e+02
  -4.8279570e+02
  -4.8172043e+02
  -4.8064516e+02
  -4.7956989e+02
  -4.7849462e+02
  -4.7741935e+02
  -4.7634409e+02
  -4.7526882e+02
  -4.7419355e+02
  -4.7311828e+02
  -4.7204301e+02
  -4.7096774e+02
  -4.6989247e+02
  -4.6881720e+02
  -4.6774194e+02
  -4.6666667e+02
  -4.6559140e+02
  -4.6451613e+02
  -4.6344086e+02
  -4.6236559e+02
  -4.6129032e+02
  -4.6021505e+02
  -4.5913978e+02
  -4.5806452e+02
  -4.5698925e+02
  -4.5591398e+02
  -4.5483871e+02
  -4.5376344e+02
  -4.5268817e+02
  -4.5161290e+02
  -4.5053763e+02
  -4.4946237e+02
  -4.4838710e+02
  -4.4731183e+02
  -4.4623656e+02
  -4.4516129e+02
  -4.4408602e+02
  -4.4301075e+02
  -4.4193548e+02
  -4.4086022e+02
  -4.3978495e+02
  -4.3870968e+02
  -4.3763441e+02
  -4.3655914e+02
  -4.3548387e+02
  -4.3440860e+02
  -4.3333333e+02
  -4.3225806e+02
  -4.3118280e+02
  -4.3010753e+02
  -4.2903226e+02
  -4.2795699e+02
  -4.2688172e+02
  -4.2580645e+02
  -4.2473118e+02
  -4.2365591e+02
  -4.2258065e+02
  -4.2150538e+02
  -4.2043011e+02
  -4.1935484e+02
  -4.1827957e+02
  -4.1720430e+02
  -4.1612903e+02
  -4.1505376e+02
  -4.1397849e+02
  -4.1290323e+02
  -4.1182796e+02
  -4.1075269e+02
  -4.0967742e+02
  -4.0860215e+02
  -4.0752688e+02
  -4.0645161e+02
  -4.0537634e+02
  -4.0430108e+02
  -4.0322581e+02
  -4.0215054e+02
  -4.0107527e+02
  -4.0000000e+02
  -3.9892473e+02
  -3.9784946e+02
  -3.9677419e+02
  -3.9569892e+02
  -3.9462366e+02
  -3.9354839e+02
  -3.9247312e+02
  -3.9139785e+02
  -3.9032258e+02
  -3.8924731e+02
  -3.8817204e+02
  -3.8709677e+02
  -3.8602151e+02
  -3.8494624e+02
  -3.8387097e+02
  -3.8279570e+02
  -3.8172043e+02
  -3.8064516e+02
  -3.7956989e+02
  -3.7849462e+02
  -3.7741935e+02
  -3.7634409e+02
  -3.7526882e+02
  -3.7419355e+02
  -3.7311828e+02
  -3.7204301e+02
  -3.7096774e+02
  -3.6989247e+02
  -3.6881720e+02
  -3.6774194e+02
  -3.6666667e+02
  -3.6559140e+02
  -3.6451613e+02
  -3.6344086e+02
  -3.6236559e+02
  -3.6129032e+02
  -3.6021505e+02
  -3.5913978e+02
  -3.5806452e+02
  -3.5698925e+02
  -3.5591398e+02
  -3.5483871e+02
  -3.5376344e+02
  -3.5268817e+02
  -3.5161290e+02
  -3.5053763e+02
  -3.4946237e+02
  -3.4838710e+02
  -3.4731183e+02
  -3.4623656e+02
  -3.4516129e+02
  -3.4408602e+02
  -3.4301075e+02
  -3.4193548e+02
  -3.4086022e+02
  -3.3978495e+02
  -3.3870968e+02
  -3.3763441e+02
  -3.3655914e+02
  -3.3548387e+02
  -3.3440860e+02
  -3.3333333e+02
  -3.3225806e+02
  -3.3118280e+02
  -3.3010753e+02
  -3.2903226e+02
  -3.2795699e+02
  -3.2688172e+02
  -3.2580645e+02
  -3.2473118e+02
  -3.2365591e+02
  -3.2258065e+02
  -3.2150538e+02
  -3.2043011e+02
  -3.1935484e+02
  -3.1827957e+02
  -3.1720430e+02
  -3.1612903e+02
  -3.1505376e+02
  -3.1397849e+02
  -3.1290323e+02
  -3.1182796e+02
  -3.1075269e+02
  -3.0967742e+02
  -3.0860215e+02
  -3.0752688e+02
  -3.0645161e+02
  -3.0537634e+02
  -3.0430108e+02
  -3.0322581e+02
  -3.0215054e+02
  -3.0107527e+02
  -3.0000000e+02
  -2.9892473e+02
  -2.9784946e+02
  -2.9677419e+02
  -2.9569892e+02
  -2.9462366e+02
  -2.9354839e+02
  -2.9247312e+02
  -2.9139785e+02
  -2.9032258e+02
  -2.8924731e+02
  -2.8817204e+02
  -2.8709677e+02
  -2.8602151e+02
  -2.8494624e+02
  -2.8387097e+02
  -2.8279570e+02
  -2.8172043e+02
  -2.8064516e+02
  -2.7956989e+02
  -2.7849462e+02
  -2.7741935e+02
  -2.7634409e+02
  -2.7526882e+02
  -2.7419355e+02
  -2.7311828e+02
  -2.7204301e+02
  -2.7096774e+02
  -2.6989247e+02
  -2.6881720e+02
  -2.6774194e+02
  -2.6666667e+02
  -2.6559140e+02
  -2.6451613e+02
  -2.6344086e+02
  -2.6236559e+02
  -2.6129032e+02
  -2.6021505e+02
  -2.5913978e+02
  -2.5806452e+02
  -2.5698925e+02
  -2.5591398e+02
  -2.5483871e+02
  -2.5376344e+02
  -2.5268817e+02
  -2.5161290e+02
  -2.5053763e+02
  -2.4946237e+02
  -2.4838710e+02
  -2.4731183e+02
  -2.4623656e+02
  -2.4516129e+02
  -2.4408602e+02
  -2.4301075e+02
  -2.4193548e+02
  -2.4086022e+02
  -2.3978495e+02
  -2.3870968e+02
  -2.3763441e+02
  -2.3655914e+02
  -2.3548387e+02
  -2.3440860e+02
  -2.3333333e+02
  -2.3225806e+02
  -2.3118280e+02
  -2.3010753e+02
  -2.2903226e+02
  -2.2795699e+02
  -2.2688172e+02
  -2.2580645e+02
  -2.2473118e+02
  -2.2365591e+02
  -2.2258065e+02
  -2.2150538e+02
  -2.2043011e+02
  -2.1935484e+02
  -2.1827957e+02
  -2.1720430e+02
  -2.1612903e+02
  -2.1505376e+02
  -2.1397849e+02
  -2.1290323e+02
  -2.1182796e+02
  -2.1075269e+02
  -2.0967742e+02
  -2.0860215e+02
  -2.0752688e+02
  -2.0645161e+02
  -2.0537634e+02
  -2.0430108e+02
  -2.0322581e+02
  -2.0215054e+02
  -2.0107527e+02
  -2.0000000e+02
  -1.9892473e+02
  -1.9784946e+02
  -1.9677419e+02
  -1.9569892e+02
  -1.9462366e+02
  -1.9354839e+02
  -1.9247312e+02
  -1.9139785e+02
  -1.9032258e+02
  -1.8924731e+02
  -1.8817204e+02
  -1.8709677e+02
  -1.8602151e+02
  -1.8494624e+02
  -1.8387097e+02
  -1.8279570e+02
  -1.8172043e+02
  -1.8064516e+02
  -1.7956989e+02
  -1.7849462e+02
  -1.7741935e+02
  -1.7634409e+02
  -1.7526882e+02
  -1.7419355e+02
  -1.7311828e+02
  -1.7204301e+02
  -1.7096774e+02
  -1.6989247e+02
  -1.6881720e+02
  -1.6774194e+02
  -1.6666667e+02
  -1.6559140e+02
  -1.6451613e+02
  -1.6344086e+02
  -1.6236559e+02
  -1.6129032e+02
  -1.6021505e+02
  -1.5913978e+02
  -1.5806452e+02
  -1.5698925e+02
  -1.5591398e+02
  -1.5483871e+02
  -1.5376344e+02
  -1.5268817e+02
  -1.5161290e+02
  -1.5053763e+02
  -1.4946237e+02
  -1.4838710e+02
  -1.4731183e+02
  -1.4623656e+02
  -1.4516129e+02
  -1.4408602e+02
  -1.4301075e+02
  -1.4193548e+02
  -1.4086022e+02
  -1.3978495e+02
  -1.3870968e+02
  -1.3763441e+02
  -1.3655914e+02
  -1.3548387e+02
  -1.3440860e+02
  -1.3333333e+02
  -1.3225806e+02
  -1.3118280e+02
  -1.3010753e+02
  -1.2903226e+02
  -1.2795699e+02
  -1.2688172e+02
  -1.2580645e+02
  -1.2473118e+02
  -1.2365591e+02
  -1.2258065e+02
  -1.2150538e+02
  -1.2043011e+02
  -1.1935484e+02
  -1.1827957e+02
  -1.1720430e+02
  -1.1612903e+02
  -1.1505376e+02
  -1.1397849e+02
  -1.1290323e+02
  -1.1182796e+02
  -1.1075269e+02
  -1.0967742e+02
  -1.0860215e+02
  -1.0752688e+02
  -1.0645161e+02
  -1.0537634e+02
  -1.0430108e+02
  -1.0322581e+02
  -1.0215054e+02
  -1.0107527e+02
  -1.0000000e+02
  -9.8924731e+01
  -9.7849462e+01
  -9.6774194e+01
  -9.5698925e+01
  -9.4623656e+01
  -9.3548387e+01
  -9.2473118e+01
  -9.1397849e+01
  -9.0322581e+01
  -8.9247312e+01
  -8.8172043e+01
  -8.7096774e+01
  -8.6021505e+01
  -8.4946237e+01
  -8.3870968e+01
  -8.2795699e+01
  -8.1720430e+01
  -8.0645161e+01
  -7.9569892e+01
  -7.8494624e+01
  -7.7419355e+01
  -7.6344086e+01
  -7.5268817e+01
  -7.4193548e+01
  -7.3118280e+01
  -7.2043011e+01
  -7.0967742e+01
  -6.9892473e+01
  -6.8817204e+01
  -6.7741935e+01
  -6.6666667e+01
  -6.5591398e+01
  -6.4516129e+01
  -6.3440860e+01
  -6.2365591e+01
  -6.1290323e+01
  -6.0215054e+01
  -5.9139785e+01
  -5.8064516e+01
  -5.6989247e+01
  -5.5913978e+01
  -5.4838710e+01
  -5.3763441e+01
  -5.2688172e+01
  -5.1612903e+01
  -5.0537634e+01
  -4.9462366e+01
  -4.8387097e+01
  -4.7311828e+01
  -4.6236559e+01
  -4.5161290e+01
  -4.4086022e+01
  -4.3010753e+01
  -4.1935484e+01
  -4.0860215e+01
  -3.9784946e+01
  -3.8709677e+01
  -3.7634409e+01
  -3.6559140e+01
  -3.5483871e+01
  -3.4408602e+01
  -3.3333333e+01
  -3.2258065e+01
  -3.1182796e+01
  -3.0107527e+01
  -2.9032258e+01
  -2.7956989e+01
  -2.6881720e+01
  -2.5806452e+01
  -2.4731183e+01
  -2.3655914e+01
  -2.2580645e+01
  -2.1505376e+01
  -2.0430108e+01
  -1.9354839e+01
  -1.8279570e+01
  -1.7204301e+01
  -1.6129032e+01
  -1.5053763e+01
  -1.3978495e+01
  -1.2903226e+01
  -1.1827957e+01
  -1.0752688e+01
  -9.6774194e+00
  -8.6021505e+00
  -7.5268817e+00
  -6.4516129e+00
  -5.3763441e+00
  -4.3010753e+00
  -3.2258065e+00
  -2.1505376e+00
  -1.0752688e+00
   0.0000000e+00
   1.0752688e+00
   2.1505376e+00
   3.2258065e+00
   4.3010753e+00
   5.3763441e+00
   6.4516129e+00
   7.5268817e+00
   8.6021505e+00
   9.6774194e+00
   1.0752688e+01
   1.1827957e+01
   1.2903226e+01
   1.3978495e+01
   1.5053763e+01
   1.6129032e+01
   1.7204301e+01
   1.8279570e+01
   1.9354839e+01
   2.0430108e+01
   2.1505376e+01
   2.2580645e+01
   2.3655914e+01
   2.4731183e+01
   2.5806452e+01
   2.6881720e+01
   2.7956989e+01
   2.9032258e+01
   3.0107527e+01
   3.1182796e+01
   3.2258065e+01
   3.3333333e+01
   3.4408602e+01
   3.5483871e+01
   3.6559140e+01
   3.7634409e+01
   3.8709677e+01
   3.9784946e+01
   4.0860215e+01
   4.1935484e+01
   4.3010753e+01
   4.4086022e+01
   4.5161290e+01
   4.6236559e+01
   4.7311828e+01
   4.8387097e+01
   4.9462366e+01
   5.0537634e+01
   5.1612903e+01
   5.2688172e+01
   5.3763441e+01
   5.4838710e+01
   5.5913978e+01
   5.6989247e+01
   5.8064516e+01
   5.9139785e+01
   6.0215054e+01
   6.1290323e+01
   6.2365591e+01
   6.3440860e+01
   6.4516129e+01
   6.5591398e+01
   6.6666667e+01
   6.7741935e+01
   6.8817204e+01
   6.9892473e+01
   7.0967742e+01
   7.2043011e+01
   7.3118280e+01
   7.4193548e+01
   7.5268817e+01
   7.6344086e+01
   7.7419355e+01
   7.8494624e+01
   7.9569892e+01
   8.0645161e+01
   8.1720430e+01
   8.2795699e+01
   8.3870968e+01
   8.4946237e+01
   8.6021505e+01
   8.7096774e+01
   8.8172043e+01
   8.9247312e+01
   9.0322581e+01
   9.1397849e+01
   9.2473118e+01
   9.3548387e+01
   9.4623656e+01
   9.5698925e+01
   9.6774194e+01
   9.7849462e+01
   9.8924731e+01
   1.0000000e+02
   1.0107527e+02
   1.0215054e+02
   1.0322581e+02
   1.0430108e+02
   1.0537634e+02
   1.0645161e+02
   1.0752688e+02
   1.0860215e+02
   1.0967742e+02
   1.1075269e+02
   1.1182796e+02
   1.1290323e+02
   1.1397849e+02
   1.1505376e+02
   1.1612903e+02
   1.1720430e+02
   1.1827957e+02
   1.1935484e+02
   1.2043011e+02
   1.2150538e+02
   1.2258065e+02
   1.2365591e+02
   1.2473118e+02
   1.2580645e+02
   1.2688172e+02
   1.2795699e+02
   1.2903226e+02
   1.3010753e+02
   1.3118280e+02
   1.3225806e+02
   1.3333333e+02
   1.3440860e+02
   1.3548387e+02
   1.3655914e+02
   1.3763441e+02
   1.3870968e+02
   1.3978495e+02
   1.4086022e+02
   1.4193548e+02
   1.4301075e+02
   1.4408602e+02
   1.4516129e+02
   1.4623656e+02
   1.4731183e+02
   1.4838710e+02
   1.4946237e+02
   1.5053763e+02
   1.5161290e+02
   1.5268817e+02
   1.5376344e+02
   1.5483871e+02
   1.5591398e+02
   1.5698925e+02
   1.5806452e+02
   1.5913978e+02
   1.6021505e+02
   1.6129032e+02
   1.6236559e+02
   1.6344086e+02
   1.6451613e+02
   1.6559140e+02
   1.6666667e+02
   1.6774194e+02
   1.6881720e+02
   1.6989247e+02
   1.7096774e+02
   1.7204301e+02
   1.7311828e+02
   1.7419355e+02
   1.7526882e+02
   1.7634409e+02
   1.7741935e+02
   1.7849462e+02
   1.7956989e+02
   1.8064516e+02
   1.8172043e+02
   1.8279570e+02
   1.8387097e+02
   1.8494624e+02
   1.8602151e+02
   1.8709677e+02
   1.8817204e+02
   1.8924731e+02
   1.9032258e+02
   1.9139785e+02
   1.9247312e+02
   1.9354839e+02
   1.9462366e+02
   1.9569892e+02
   1.9677419e+02
   1.9784946e+02
   1.9892473e+02
   2.0000000e+02
   2.0107527e+02
   2.0215054e+02
   2.0322581e+02
   2.0430108e+02
   2.0537634e+02
   2.0645161e+02
   2.0752688e+02
   2.0860215e+02
   2.0967742e+02
   2.1075269e+02
   2.1182796e+02
   2.1290323e+02
   2.1397849e+02
   2.1505376e+02
   2.1612903e+02
   2.1720430e+02
   2.1827957e+02
   2.1935484e+02
   2.2043011e+02
   2.2150538e+02
   2.2258065e+02
   2.2365591e+02
   2.2473118e+02
   2.2580645e+02
   2.2688172e+02
   2.2795699e+02
   2.2903226e+02
   2.3010753e+02
   2.3118280e+02
   2.3225806e+02
   2.3333333e+02
   2.3440860e+02
   2.3548387e+02
   2.3655914e+02
   2.3763441e+02
   2.3870968e+02
   2.3978495e+02
   2.4086022e+02
   2.4193548e+02
   2.4301075e+02
   2.4408602e+02
   2.4516129e+02
   2.4623656e+02
   2.4731183e+02
   2.4838710e+02
   2.4946237e+02
   2.5053763e+02
   2.5161290e+02
   2.5268817e+02
   2.5376344e+02
   2.5483871e+02
   2.5591398e+02
   2.5698925e+02
   2.5806452e+02
   2.5913978e+02
   2.6021505e+02
   2.6129032e+02
   2.6236559e+02
   2.6344086e+02
   2.6451613e+02
   2.6559140e+02
   2.6666667e+02
   2.6774194e+02
   2.6881720e+02
   2.6989247e+02
   2.7096774e+02
   2.7204301e+02
   2.7311828e+02
   2.7419355e+02
   2.7526882e+02
   2.7634409e+02
   2.7741935e+02
   2.7849462e+02
   2.7956989e+02
   2.8064516e+02
   2.8172043e+02
   2.8279570e+02
   2.8387097e+02
   2.8494624e+02
   2.8602151e+02
   2.8709677e+02
   2.8817204e+02
   2.8924731e+02
   2.9032258e+02
   2.9139785e+02
   2.9247312e+02
   2.9354839e+02
   2.9462366e+02
   2.9569892e+02
   2.9677419e+02
   2.9784946e+02
   2.9892473e+02
   3.0000000e+02
   3.0107527e+02
   3.0215054e+02
   3.0322581e+02
   3.0430108e+02
   3.0537634e+02
   3.0645161e+02
   3.0752688e+02
   3.0860215e+02
   3.0967742e+02
   3.1075269e+02
   3.1182796e+02
   3.1290323e+02
   3.1397849e+02
   3.1505376e+02
   3.1612903e+02
   3.1720430e+02
   3.1827957e+02
   3.1935484e+02
   3.2043011e+02
   3.2150538e+02
   3.2258065e+02
   3.2365591e+02
   3.2473118e+02
   3.2580645e+02
   3.2688172e+02
   3.2795699e+02
   3.2903226e+02
   3.3010753e+02
   3.3118280e+02
   3.3225806e+02
   3.3333333e+02
   3.3440860e+02
   3.3548387e+02
   3.3655914e+02
   3.3763441e+02
   3.3870968e+02
   3.3978495e+02
   3.4086022e+02
   3.4193548e+02
   3.4301075e+02
   3.4408602e+02
   3.4516129e+02
   3.4623656e+02
   3.4731183e+02
   3.4838710e+02
   3.4946237e+02
   3.5053763e+02
   3.5161290e+02
   3.5268817e+02
   3.5376344e+02
   3.5483871e+02
   3.5591398e+02
   3.5698925e+02
   3.5806452e+02
   3.5913978e+02
   3.6021505e+02
   3.6129032e+02
   3.6236559e+02
   3.6344086e+02
   3.6451613e+02
   3.6559140e+02
   3.6666667e+02
   3.6774194e+02
   3.6881720e+02
   3.6989247e+02
   3.7096774e+02
   3.7204301e+02
   3.7311828e+02
   3.7419355e+02
   3.7526882e+02
   3.7634409e+02
   3.7741935e+02
   3.7849462e+02
   3.7956989e+02
   3.8064516e+02
   3.8172043e+02
   3.8279570e+02
   3.8387097e+02
   3.8494624e+02
   3.8602151e+02
   3.8709677e+02
   3.8817204e+02
   3.8924731e+02
   3.9032258e+02
   3.9139785e+02
   3.9247312e+02
   3.9354839e+02
   3.9462366e+02
   3.9569892e+02
   3.9677419e+02
   3.9784946e+02
   3.9892473e+02
   4.0000000e+02
